cam0:
  T_cam_imu:
   [-0.0046339888648114225, -0.9999872030250139, 0.002029761910218364, 0.0003188717564145967,
   0.0038910142127042135, -0.002047799411121265, -0.9999903332162616, -0.006282976233427374,
   0.9999816929102248, -0.0046260462366021216, 0.0039004538991611604, -0.011413485643120495,
   0.0, 0.0, 0.0, 1.0]
  cam_overlaps: [1]
  camera_model: pinhole
  distortion_coeffs: [0.0, 0.0, 0.0, 0.0]
  distortion_model: radtan
  intrinsics: [384.1650390625, 384.1650390625, 324.26025390625, 239.0467529296875]
  resolution: [640, 480]
  rostopic: /realsense/infra1/image_rect_raw
  timeshift_cam_imu: 0.0028535134590212015
cam1:
  T_cam_imu:
   [-0.0017580281474243176, -0.9999967230028194, 0.001860999907381311, -0.04981365938836111,
   0.003793820178607521, -0.001867659031804525, -0.9999910593491289, -0.006339814075121928,
   0.999991258094532, -0.001750952130507355, 0.0037970911434171972, -0.011912487267022733,
   0.0, 0.0, 0.0, 1.0]
  T_cn_cnm1:
   [0.9999958501393538, 0.0001799702704826772, 0.002875293858361503, -0.050098581947398024,
   -0.00017968915186987425, 0.9999999790511176, -9.802842472852835e-05, -5.7899521538672643e-05,
   -0.0028753114403294246, 9.751135880944077e-05, 0.999995861529264, -0.0004975193411194558,
   0.0, 0.0, 0.0, 1.0]
  cam_overlaps: [0]
  camera_model: pinhole
  distortion_coeffs: [0.0, 0.0, 0.0, 0.0]
  distortion_model: radtan
  intrinsics: [384.1650390625, 384.1650390625, 324.26025390625, 239.0467529296875]
  resolution: [640, 480]
  rostopic: /realsense/infra2/image_rect_raw
  timeshift_cam_imu: 0.002847568598854243
T_imu_body:
  [1.0000, 0.0000, 0.0000, 0.0000,
  0.0000, 1.0000, 0.0000, 0.0000,
  0.0000, 0.0000, 1.0000, 0.0000,
  0.0000, 0.0000, 0.0000, 1.0000]

