%YAML:1.0
# General sensor definitions.
camera_id: right_cam

# Sensor extrinsics wrt. the body-frame.
T_BS:
  cols: 4
  rows: 4
  data: [-0.0059751, 0.0020717, -0.9999800, 0.001, 
         -0.9996940, 0.0239903, 0.0060231, -0.044,
         0.0240023, 0.9997100, 0.0019277, -0.352,
         0.0000000, 0.0000000, 0.0000000, 1.000]

# Camera specific definitions.
rate_hz: 20
resolution: [1024, 544]
camera_model: pinhole
intrinsics: [599.935302734375, 529.9777221679688, 601.3153076171875, 272.9176940917969] #fu, fv, cu, cv
distortion_model: radial-tangential
distortion_coefficients: [-0.20917260646820068, 0.1225590780377388, 0.000664742139633745, 0.0001836364099290222]

