%YAML:1.0
# General sensor definitions.
camera_id: left_cam

# Sensor extrinsics wrt. the body-frame.
T_BS:
  cols: 4
  rows: 4
  data: [0.0148655429818, -0.999880929698, 0.00414029679422, -0.0216401454975,
         0.999557249008, 0.0149672133247, 0.025715529948, -0.064676986768,
        -0.0257744366974, 0.00375618835797, 0.999660727178, 0.00981073058949,
         0.0, 0.0, 0.0, 1.0]

# Camera specific definitions.
rate_hz: 20
resolution: [1024, 544]
camera_model: pinhole
intrinsics: [600.7606201171875, 602.1273193359375, 530.7537841796875, 272.0735778808594] #fu, fv, cu, cv
distortion_model: radial-tangential
distortion_coefficients: [-0.20848242938518524, 0.1229957863688469, 0.0005989724886603653, -0.00030653737485408783]

