%YAML:1.0
# General sensor definitions.
camera_id: left_cam

# Sensor extrinsics wrt. the body-frame.
T_BS:
  cols: 4
  rows: 4
  data: [-0.0059751, 0.0020717, -0.9999800, 0.001,
         -0.9996940, 0.0239903, 0.0060231, 0.026,
         0.0240023, 0.9997100, 0.0019277, -0.353,
         0.0000000, 0.0000000, 0.0000000, 1.000]

# Camera specific definitions.
rate_hz: 20
resolution: [1024, 544]
camera_model: pinhole
intrinsics: [600.7606201171875, 530.7537841796875, 602.1273193359375, 272.0735778808594] #fu, fv, cu, cv
distortion_model: radial-tangential
distortion_coefficients: [-0.20848242938518524, 0.1229957863688469, 0.0005989724886603653, -0.00030653737485408783]

