# Left camera
cam0:
  T_cam_imu:
    [-0.0059751,  0.0020717, -0.9999800,  0.001, 
     -0.9996940,  0.0239903,  0.0060231,  0.026,
      0.0240023,  0.9997100,  0.0019277, -0.353,
      0.0000000,  0.0000000,  0.0000000,  1.000]
  camera_model: pinhole
  distortion_coeffs: [-0.20848242938518524, 0.1229957863688469, 0.0005989724886603653, -0.00030653737485408783]
  distortion_model: radtan
  intrinsics: [600.7606201171875, 530.7537841796875, 602.1273193359375, 272.0735778808594]
  resolution: [1024, 544]
  timeshift_cam_imu: 0.0
# Right camera
cam1:
  T_cam_imu:
    [-0.0059751,  0.0020717, -0.9999800,  0.001, 
     -0.9996940,  0.0239903,  0.0060231, -0.044,
      0.0240023,  0.9997100,  0.0019277, -0.352,
      0.0000000,  0.0000000,  0.0000000,  1.000]
  T_cn_cnm1:
    [1.0,   0.0,   0.0,  -0.070,
     0.0,   1.0,   0.0,   0.000,
     0.0,   0.0,   1.0,   0.000,
     0.0,   0.0,   0.0,   1.000]
  camera_model: pinhole
  distortion_coeffs: [-0.20917260646820068, 0.1225590780377388, 0.000664742139633745, 0.0001836364099290222]
  distortion_model: radtan
  intrinsics: [599.935302734375, 529.9777221679688, 601.3153076171875, 272.9176940917969]
  resolution: [1024, 544]
  timeshift_cam_imu: 0.0
